2 0.114844 0.571094 0.148438 0.129688
2 0.427344 0.721094 0.135937 0.135937
2 0.664062 0.853906 0.134375 0.132812
2 0.812500 0.784375 0.087500 0.090625
2 0.537500 0.829688 0.090625 0.078125
2 0.653906 0.469531 0.070312 0.085938
2 0.724219 0.433594 0.064062 0.076563
2 0.511719 0.389844 0.035937 0.060937
2 0.559375 0.338281 0.040625 0.064062
2 0.478125 0.444531 0.056250 0.042188
2 0.596094 0.226562 0.032813 0.043750
2 0.682031 0.203906 0.039062 0.042188
2 0.739062 0.134375 0.034375 0.034375
2 0.534375 0.210938 0.034375 0.040625
2 0.578906 0.157812 0.035937 0.031250
2 0.649219 0.150000 0.032813 0.043750
